      Network        |          chord         |    landmarks nei^2     |     landmarks nei^3     
---------------------+------------------------+------------------------+------------------------+
g= 6; rand    ; ni=0 |     2.87,      9, 1.00 |     1.99,      3, 1.00 |     1.99,      3, 1.00 |
g= 6; rand    ; ni=1 |     2.85,      9, 1.00 |     1.91,      3, 1.00 |     1.91,      3, 1.00 |
g= 6; rand    ; ni=2 |     2.82,      9, 1.00 |     2.02,      3, 1.00 |     2.02,      3, 1.00 |
g= 6; 2d      ; ni=0 |     9.19,     39, 1.00 |     5.51,     13, 1.00 |     5.51,     13, 1.00 |
g= 6; 2d      ; ni=1 |     9.09,     30, 1.00 |     5.17,     10, 1.00 |     5.17,     10, 1.00 |
g= 6; 2d      ; ni=2 |     8.93,     28, 1.00 |     5.34,     13, 1.00 |     5.34,     13, 1.00 |
g= 6; rand+2d ; ni=0 |     2.58,      8, 1.00 |     1.83,      3, 1.00 |     1.83,      3, 1.00 |
g= 6; rand+2d ; ni=1 |     2.53,      8, 1.00 |     1.89,      3, 1.00 |     1.89,      3, 1.00 |
g= 6; rand+2d ; ni=2 |     2.45,      7, 1.00 |     1.82,      3, 1.00 |     1.82,      3, 1.00 |

g= 7; rand    ; ni=0 |     3.66,     10, 1.00 |     2.15,      3, 1.00 |     2.15,      3, 1.00 |
g= 7; rand    ; ni=1 |     3.60,     11, 1.00 |     2.07,      3, 1.00 |     2.07,      3, 1.00 |
g= 7; rand    ; ni=2 |     3.67,     10, 1.00 |     2.13,      3, 1.00 |     2.13,      3, 1.00 |
g= 7; 2d      ; ni=0 |    15.57,     55, 1.00 |     6.91,     15, 1.00 |     6.91,     15, 1.00 |
g= 7; 2d      ; ni=1 |    15.46,     54, 1.00 |     6.70,     16, 1.00 |     6.70,     16, 1.00 |
g= 7; 2d      ; ni=2 |    15.49,     49, 1.00 |     7.62,     17, 1.00 |     7.62,     17, 1.00 |
g= 7; rand+2d ; ni=0 |     3.18,      9, 1.00 |     2.04,      3, 1.00 |     2.04,      3, 1.00 |
g= 7; rand+2d ; ni=1 |     3.00,     11, 1.00 |     1.91,      3, 1.00 |     1.91,      3, 1.00 |
g= 7; rand+2d ; ni=2 |     3.17,      9, 1.00 |     1.92,      3, 1.00 |     1.92,      3, 1.00 |

g= 8; rand    ; ni=0 |     4.59,     13, 1.00 |     2.40,      3, 1.00 |     2.40,      3, 1.00 |
g= 8; rand    ; ni=1 |     4.74,     12, 1.00 |     2.33,      3, 1.00 |     2.33,      3, 1.00 |
g= 8; rand    ; ni=2 |     4.71,     13, 1.00 |     2.30,      3, 1.00 |     2.30,      3, 1.00 |
g= 8; 2d      ; ni=0 |    32.81,    105, 1.00 |     9.75,     23, 1.00 |     9.75,     23, 1.00 |
g= 8; 2d      ; ni=1 |    32.13,     95, 1.00 |    11.60,     27, 1.00 |    11.60,     27, 1.00 |
g= 8; 2d      ; ni=2 |    30.22,     96, 1.00 |    10.11,     23, 1.00 |    10.11,     23, 1.00 |
g= 8; rand+2d ; ni=0 |     4.19,     12, 1.00 |     2.13,      3, 1.00 |     2.13,      3, 1.00 |
g= 8; rand+2d ; ni=1 |     4.18,     12, 1.00 |     2.08,      3, 1.00 |     2.08,      3, 1.00 |
g= 8; rand+2d ; ni=2 |     4.25,     15, 1.00 |     2.17,      3, 1.00 |     2.17,      3, 1.00 |

g= 9; rand    ; ni=0 |     6.05,     18, 1.00 |     3.19,     11, 1.00 |     2.54,      3, 1.00 |
g= 9; rand    ; ni=1 |     5.86,     14, 1.00 |     3.12,      9, 1.00 |     2.55,      3, 1.00 |
g= 9; rand    ; ni=2 |     6.07,     16, 1.00 |     3.26,     13, 1.00 |     2.57,      4, 1.00 |
g= 9; 2d      ; ni=0 |    61.83,    206, 1.00 |    14.72,     37, 1.00 |    14.72,     37, 1.00 |
g= 9; 2d      ; ni=1 |    53.72,    165, 1.00 |    15.30,     32, 1.00 |    15.30,     32, 1.00 |
g= 9; 2d      ; ni=2 |    60.82,    354, 1.00 |    13.41,     40, 1.00 |    13.41,     40, 1.00 |
g= 9; rand+2d ; ni=0 |     5.29,     14, 1.00 |     2.33,      3, 1.00 |     2.33,      3, 1.00 |
g= 9; rand+2d ; ni=1 |     5.27,     15, 1.00 |     2.25,      3, 1.00 |     2.25,      3, 1.00 |
g= 9; rand+2d ; ni=2 |     5.31,     14, 1.00 |     2.40,      3, 1.00 |     2.40,      3, 1.00 |

g=10; rand    ; ni=0 |     7.48,     18, 1.00 |     4.55,     26, 1.00 |     2.62,      4, 1.00 |
g=10; rand    ; ni=1 |     7.54,     21, 1.00 |     4.58,     27, 1.00 |     2.65,      3, 1.00 |
g=10; rand    ; ni=2 |     7.48,     17, 1.00 |     4.20,     24, 1.00 |     2.69,      3, 1.00 |
g=10; 2d      ; ni=0 |   130.53,    462, 1.00 |    20.86,     55, 1.00 |    20.86,     55, 1.00 |
g=10; 2d      ; ni=1 |   129.02,    811, 1.00 |    19.58,     49, 1.00 |    19.58,     49, 1.00 |
g=10; 2d      ; ni=2 |   156.51,   1003, 1.00 |    22.75,     52, 1.00 |    22.75,     52, 1.00 |
g=10; rand+2d ; ni=0 |     6.78,     16, 1.00 |     4.00,     15, 1.00 |     2.61,      3, 1.00 |
g=10; rand+2d ; ni=1 |     6.76,     17, 1.00 |     3.83,     19, 1.00 |     2.58,      3, 1.00 |
g=10; rand+2d ; ni=2 |     6.78,     18, 1.00 |     3.63,     15, 1.00 |     2.52,      3, 1.00 |

g=11; rand    ; ni=0 |     9.57,     22, 1.00 |     7.52,     43, 1.00 |     2.87,      4, 1.00 |
g=11; rand    ; ni=1 |     9.48,     21, 1.00 |     5.56,     22, 1.00 |     2.75,      4, 1.00 |
g=11; rand    ; ni=2 |     9.43,     24, 1.00 |     6.00,     35, 1.00 |     2.76,      3, 1.00 |
g=11; 2d      ; ni=0 |   294.56,   1116, 1.00 |    31.23,     71, 1.00 |    31.23,     71, 1.00 |
g=11; 2d      ; ni=1 |   358.45,   1237, 1.00 |    28.14,     64, 1.00 |    28.14,     64, 1.00 |
g=11; 2d      ; ni=2 |   355.77,   1242, 1.00 |    29.17,     75, 1.00 |    29.17,     75, 1.00 |
g=11; rand+2d ; ni=0 |     8.75,     18, 1.00 |     5.37,     25, 1.00 |     2.70,      3, 1.00 |
g=11; rand+2d ; ni=1 |     8.80,     20, 1.00 |     4.89,     23, 1.00 |     2.57,      3, 1.00 |
g=11; rand+2d ; ni=2 |     8.90,     24, 1.00 |     5.91,     29, 1.00 |     2.74,      3, 1.00 |

g=12; rand    ; ni=0 |    12.55,     31, 1.00 |    11.09,     71, 1.00 |     2.93,      4, 1.00 |
g=12; rand    ; ni=1 |    12.25,     42, 1.00 |    10.40,    141, 1.00 |     2.84,      4, 1.00 |
g=12; rand    ; ni=2 |    12.39,     43, 1.00 |     8.59,     45, 1.00 |     2.94,      4, 1.00 |
g=12; 2d      ; ni=0 |   817.58,   3433, 1.00 |    39.81,     91, 1.00 |    39.81,     91, 1.00 |
g=12; 2d      ; ni=1 |   866.15,   3367, 1.00 |    40.21,     95, 1.00 |    40.21,     95, 1.00 |
g=12; 2d      ; ni=2 |   844.80,   3937, 1.00 |    44.39,    115, 1.00 |    44.39,    115, 1.00 |
g=12; rand+2d ; ni=0 |    11.11,     26, 1.00 |     8.67,     94, 1.00 |     2.81,      4, 1.00 |
g=12; rand+2d ; ni=1 |    11.11,     26, 1.00 |    10.28,    108, 1.00 |     2.84,      4, 1.00 |
g=12; rand+2d ; ni=2 |    11.21,     24, 1.00 |     8.92,     42, 1.00 |     2.79,      4, 1.00 |

g=13; rand    ; ni=0 |    16.69,     43, 1.00 |    15.19,    119, 1.00 |     3.05,      4, 1.00 |
g=13; rand    ; ni=1 |    16.59,     38, 1.00 |    15.89,    145, 1.00 |     2.99,      4, 1.00 |
g=13; rand    ; ni=2 |    16.46,    106, 1.00 |    16.47,     92, 1.00 |     3.10,      4, 1.00 |
g=13; 2d      ; ni=0 |  3580.53,  34424, 1.00 |    63.29,    145, 1.00 |    63.29,    145, 1.00 |
g=13; 2d      ; ni=1 |************************|    60.27,    137, 1.00 |    60.27,    137, 1.00 |
g=13; 2d      ; ni=2 |************************|    54.35,    126, 1.00 |    54.35,    126, 1.00 |
g=13; rand+2d ; ni=0 |    14.64,     35, 1.00 |    12.60,    123, 1.00 |     2.96,      4, 1.00 |
g=13; rand+2d ; ni=1 |    14.78,     32, 1.00 |    14.51,     81, 1.00 |     2.91,      3, 1.00 |
g=13; rand+2d ; ni=2 |    14.69,     33, 1.00 |    12.94,     59, 1.00 |     2.91,      4, 1.00 |

g=14; rand    ; ni=0 |    22.19,    187, 1.00 |    16.68,    171, 1.00 |     3.19,      4, 1.00 |
g=14; rand    ; ni=1 |    23.04,    215, 1.00 |    18.86,    233, 1.00 |     3.17,      4, 1.00 |
g=14; rand    ; ni=2 |    23.23,    497, 1.00 |    12.71,    162, 1.00 |     3.18,      4, 1.00 |
g=14; 2d      ; ni=0 |************************|    99.64,    173, 1.00 |    99.64,    173, 1.00 |
g=14; 2d      ; ni=1 |************************|    88.99,    213, 1.00 |    88.99,    213, 1.00 |
g=14; 2d      ; ni=2 |************************|    84.10,    175, 1.00 |    84.10,    175, 1.00 |
g=14; rand+2d ; ni=0 |    20.40,    176, 1.00 |    23.61,    121, 1.00 |     3.08,      4, 1.00 |
g=14; rand+2d ; ni=1 |    20.07,    307, 1.00 |    19.42,    170, 1.00 |     3.09,      4, 1.00 |
g=14; rand+2d ; ni=2 |    20.64,    530, 1.00 |    18.85,    127, 1.00 |     3.03,      4, 1.00 |

g=15; rand    ; ni=0 |    35.67,   1292, 1.00 |    22.96,    157, 1.00 |     4.14,     16, 1.00 |
g=15; rand    ; ni=1 |    34.16,    949, 1.00 |    23.83,    239, 1.00 |     4.12,     17, 1.00 |
g=15; rand    ; ni=2 |    35.81,   1940, 1.00 |    33.00,    381, 1.00 |     3.98,     16, 1.00 |
g=15; 2d      ; ni=0 |************************|   122.06,    263, 1.00 |   122.06,    263, 1.00 |
g=15; 2d      ; ni=1 |************************|   111.60,    278, 1.00 |   111.60,    278, 1.00 |
g=15; 2d      ; ni=2 |************************|   114.55,    292, 1.00 |   114.55,    292, 1.00 |
g=15; rand+2d ; ni=0 |    41.51,   7527, 1.00 |    32.80,    270, 1.00 |     3.30,      4, 1.00 |
g=15; rand+2d ; ni=1 |    45.24,   7244, 1.00 |    31.98,    210, 1.00 |     3.26,      4, 1.00 |
