      Network        |          chord         |    landmarks nei^2     |     landmarks nei^3     
---------------------+------------------------+------------------------+------------------------+
g= 6; rand    ; ni=0 |     2.96,      9, 1.00 |     1.88,      3, 1.00 |     1.88,      3, 1.00 |
g= 6; rand    ; ni=1 |     2.81,      9, 1.00 |     2.04,      3, 1.00 |     2.04,      3, 1.00 |
g= 6; rand    ; ni=2 |     2.78,      9, 1.00 |     1.99,      3, 1.00 |     1.99,      3, 1.00 |
g= 6; 2d      ; ni=0 |     8.30,     26, 1.00 |     5.51,     13, 1.00 |     5.51,     13, 1.00 |
g= 6; 2d      ; ni=1 |     9.14,     40, 1.00 |     5.17,     10, 1.00 |     5.17,     10, 1.00 |
g= 6; 2d      ; ni=2 |     8.95,     29, 1.00 |     5.34,     13, 1.00 |     5.34,     13, 1.00 |
g= 6; rand+2d ; ni=0 |     2.55,      7, 1.00 |     1.79,      3, 1.00 |     1.79,      3, 1.00 |
g= 6; rand+2d ; ni=1 |     2.50,      7, 1.00 |     1.85,      3, 1.00 |     1.85,      3, 1.00 |
g= 6; rand+2d ; ni=2 |     2.35,      8, 1.00 |     1.86,      3, 1.00 |     1.86,      3, 1.00 |

g= 7; rand    ; ni=0 |     3.46,     10, 1.00 |     2.08,      3, 1.00 |     2.08,      3, 1.00 |
g= 7; rand    ; ni=1 |     3.75,     10, 1.00 |     2.09,      3, 1.00 |     2.09,      3, 1.00 |
g= 7; rand    ; ni=2 |     3.75,     10, 1.00 |     2.23,      3, 1.00 |     2.23,      3, 1.00 |
g= 7; 2d      ; ni=0 |    15.40,     54, 1.00 |     6.91,     15, 1.00 |     6.91,     15, 1.00 |
g= 7; 2d      ; ni=1 |    15.47,     50, 1.00 |     6.70,     16, 1.00 |     6.70,     16, 1.00 |
g= 7; 2d      ; ni=2 |    15.15,     58, 1.00 |     7.62,     17, 1.00 |     7.62,     17, 1.00 |
g= 7; rand+2d ; ni=0 |     3.15,     10, 1.00 |     1.95,      3, 1.00 |     1.95,      3, 1.00 |
g= 7; rand+2d ; ni=1 |     3.07,     10, 1.00 |     1.94,      3, 1.00 |     1.94,      3, 1.00 |
g= 7; rand+2d ; ni=2 |     3.16,      9, 1.00 |     1.93,      3, 1.00 |     1.93,      3, 1.00 |

g= 8; rand    ; ni=0 |     4.68,     12, 1.00 |     2.27,      3, 1.00 |     2.27,      3, 1.00 |
g= 8; rand    ; ni=1 |     4.60,     12, 1.00 |     2.38,      3, 1.00 |     2.38,      3, 1.00 |
g= 8; rand    ; ni=2 |     4.69,     12, 1.00 |     2.28,      3, 1.00 |     2.28,      3, 1.00 |
g= 8; 2d      ; ni=0 |    31.65,    104, 1.00 |     9.75,     23, 1.00 |     9.75,     23, 1.00 |
g= 8; 2d      ; ni=1 |    31.44,     88, 1.00 |    11.60,     27, 1.00 |    11.60,     27, 1.00 |
g= 8; 2d      ; ni=2 |    30.52,     94, 1.00 |    10.11,     23, 1.00 |    10.11,     23, 1.00 |
g= 8; rand+2d ; ni=0 |     4.11,     12, 1.00 |     2.13,      3, 1.00 |     2.13,      3, 1.00 |
g= 8; rand+2d ; ni=1 |     4.29,     11, 1.00 |     2.19,      3, 1.00 |     2.19,      3, 1.00 |
g= 8; rand+2d ; ni=2 |     4.14,     10, 1.00 |     2.15,      3, 1.00 |     2.15,      3, 1.00 |

g= 9; rand    ; ni=0 |     6.14,     15, 1.00 |     2.43,      3, 1.00 |     2.43,      3, 1.00 |
g= 9; rand    ; ni=1 |     5.76,     15, 1.00 |     2.50,      3, 1.00 |     2.50,      3, 1.00 |
g= 9; rand    ; ni=2 |     5.97,     16, 1.00 |     2.45,      3, 1.00 |     2.45,      3, 1.00 |
g= 9; 2d      ; ni=0 |    61.59,    169, 1.00 |    14.72,     37, 1.00 |    14.72,     37, 1.00 |
g= 9; 2d      ; ni=1 |    57.73,    458, 1.00 |    15.30,     32, 1.00 |    15.30,     32, 1.00 |
g= 9; 2d      ; ni=2 |    58.15,    203, 1.00 |    13.41,     40, 1.00 |    13.41,     40, 1.00 |
g= 9; rand+2d ; ni=0 |     5.32,     15, 1.00 |     2.37,      3, 1.00 |     2.37,      3, 1.00 |
g= 9; rand+2d ; ni=1 |     5.31,     13, 1.00 |     2.29,      3, 1.00 |     2.29,      3, 1.00 |
g= 9; rand+2d ; ni=2 |     5.38,     15, 1.00 |     2.36,      3, 1.00 |     2.36,      3, 1.00 |

g=10; rand    ; ni=0 |     7.48,     19, 1.00 |     2.65,      3, 1.00 |     2.65,      3, 1.00 |
g=10; rand    ; ni=1 |     7.65,     19, 1.00 |     2.69,      3, 1.00 |     2.69,      3, 1.00 |
g=10; rand    ; ni=2 |     7.39,     19, 1.00 |     2.61,      3, 1.00 |     2.61,      3, 1.00 |
g=10; 2d      ; ni=0 |   127.92,    385, 1.00 |    20.86,     55, 1.00 |    20.86,     55, 1.00 |
g=10; 2d      ; ni=1 |   124.15,    545, 1.00 |    19.58,     49, 1.00 |    19.58,     49, 1.00 |
g=10; 2d      ; ni=2 |   163.35,    638, 1.00 |    22.75,     52, 1.00 |    22.75,     52, 1.00 |
g=10; rand+2d ; ni=0 |     6.88,     17, 1.00 |     2.53,      3, 1.00 |     2.53,      3, 1.00 |
g=10; rand+2d ; ni=1 |     6.73,     18, 1.00 |     2.58,      3, 1.00 |     2.58,      3, 1.00 |
g=10; rand+2d ; ni=2 |     6.91,     16, 1.00 |     2.54,      3, 1.00 |     2.54,      3, 1.00 |

g=11; rand    ; ni=0 |     9.51,     23, 1.00 |     2.78,      3, 1.00 |     2.78,      3, 1.00 |
g=11; rand    ; ni=1 |     9.37,     26, 1.00 |     2.77,      3, 1.00 |     2.77,      3, 1.00 |
g=11; rand    ; ni=2 |     9.53,     24, 1.00 |     2.78,      5, 1.00 |     2.77,      4, 1.00 |
g=11; 2d      ; ni=0 |   280.82,   1550, 1.00 |    31.23,     71, 1.00 |    31.23,     71, 1.00 |
g=11; 2d      ; ni=1 |   341.73,   2430, 1.00 |    28.14,     64, 1.00 |    28.14,     64, 1.00 |
g=11; 2d      ; ni=2 |   334.98,   1338, 1.00 |    29.17,     75, 1.00 |    29.17,     75, 1.00 |
g=11; rand+2d ; ni=0 |     8.83,     21, 1.00 |     2.65,      3, 1.00 |     2.65,      3, 1.00 |
g=11; rand+2d ; ni=1 |     8.66,     19, 1.00 |     2.69,      4, 1.00 |     2.68,      3, 1.00 |
g=11; rand+2d ; ni=2 |     8.95,     22, 1.00 |     2.68,      3, 1.00 |     2.68,      3, 1.00 |

g=12; rand    ; ni=0 |    12.62,     26, 1.00 |     3.00,      7, 1.00 |     2.97,      4, 1.00 |
g=12; rand    ; ni=1 |    12.31,     30, 1.00 |     2.99,      8, 1.00 |     2.93,      4, 1.00 |
g=12; rand    ; ni=2 |    12.01,     27, 1.00 |     2.91,      6, 1.00 |     2.86,      4, 1.00 |
g=12; 2d      ; ni=0 |   826.60,   3251, 1.00 |    39.81,     91, 1.00 |    39.81,     91, 1.00 |
g=12; 2d      ; ni=1 |   893.23,   4497, 1.00 |    40.21,     95, 1.00 |    40.21,     95, 1.00 |
g=12; 2d      ; ni=2 |   894.38,   5121, 1.00 |    44.39,    115, 1.00 |    44.39,    115, 1.00 |
g=12; rand+2d ; ni=0 |    11.14,     27, 1.00 |     2.92,      4, 1.00 |     2.92,      4, 1.00 |
g=12; rand+2d ; ni=1 |    11.25,     25, 1.00 |     2.87,      6, 1.00 |     2.84,      4, 1.00 |
g=12; rand+2d ; ni=2 |    11.29,     26, 1.00 |     2.84,      6, 1.00 |     2.80,      3, 1.00 |

g=13; rand    ; ni=0 |    16.34,     87, 1.00 |     3.15,      6, 1.00 |     3.07,      4, 1.00 |
g=13; rand    ; ni=1 |    16.50,     36, 1.00 |     3.07,      6, 1.00 |     3.02,      4, 1.00 |
g=13; rand    ; ni=2 |    16.36,     55, 1.00 |     3.15,      7, 1.00 |     3.07,      4, 1.00 |
g=13; 2d      ; ni=0 |  3754.76,  33779, 1.00 |    63.29,    145, 1.00 |    63.29,    145, 1.00 |
g=13; 2d      ; ni=1 |  2904.26,  14028, 1.00 |    60.27,    137, 1.00 |    60.27,    137, 1.00 |
g=13; 2d      ; ni=2 |  2819.00,  15492, 1.00 |    54.35,    126, 1.00 |    54.35,    126, 1.00 |
g=13; rand+2d ; ni=0 |    14.65,     39, 1.00 |     3.00,      6, 1.00 |     2.95,      4, 1.00 |
g=13; rand+2d ; ni=1 |    14.56,     32, 1.00 |     2.98,      5, 1.00 |     2.94,      4, 1.00 |
g=13; rand+2d ; ni=2 |    14.69,     41, 1.00 |     2.98,      5, 1.00 |     2.95,      4, 1.00 |

g=14; rand    ; ni=0 |    22.38,    114, 1.00 |     3.56,     13, 1.00 |     3.15,      4, 1.00 |
g=14; rand    ; ni=1 |    22.94,    100, 1.00 |     3.39,      8, 1.00 |     3.16,      4, 1.00 |
g=14; rand    ; ni=2 |    22.50,     82, 1.00 |     3.69,     10, 1.00 |     3.28,      4, 1.00 |
g=14; 2d      ; ni=0 | 12320.94, 131122, 1.00 |    99.64,    173, 1.00 |    99.64,    173, 1.00 |
g=14; 2d      ; ni=1 |**********************|    88.99,    213, 1.00 |    88.99,    213, 1.00 |
g=14; 2d      ; ni=2 |**********************|    84.10,    175, 1.00 |    84.10,    175, 1.00 |
g=14; rand+2d ; ni=0 |    19.83,     76, 1.00 |     3.35,      8, 1.00 |     3.11,      4, 1.00 |
g=14; rand+2d ; ni=1 |    20.69,    760, 1.00 |     3.24,      9, 1.00 |     3.10,      4, 1.00 |
g=14; rand+2d ; ni=2 |    19.97,     73, 1.00 |     3.22,      8, 1.00 |     3.07,      4, 1.00 |

g=15; rand    ; ni=0 |    32.73,    337, 1.00 |     4.32,     15, 1.00 |     3.41,      4, 1.00 |
g=15; rand    ; ni=1 |    34.11,   1044, 1.00 |     4.26,     13, 1.00 |     3.41,      4, 1.00 |
g=15; rand    ; ni=2 |    35.09,   1340, 1.00 |     4.11,     14, 1.00 |     3.43,      4, 1.00 |
g=15; 2d      ; ni=0 |**********************|   122.06,    263, 1.00 |   122.06,    263, 1.00 |
g=15; 2d      ; ni=1 |**********************|   111.60,    278, 1.00 |   111.60,    278, 1.00 |
g=15; 2d      ; ni=2 |**********************|   114.55,    292, 1.00 |   114.55,    292, 1.00 |
g=15; rand+2d ; ni=0 |    53.47,   6267, 1.00 |     3.87,     12, 1.00 |     3.29,      4, 1.00 |
g=15; rand+2d ; ni=1 |    42.15,   5563, 1.00 |     3.66,     11, 1.00 |     3.25,      4, 1.00 |
g=15; rand+2d ; ni=2 |    39.45,   2959, 1.00 |     3.72,     11, 1.00 |     3.26,      4, 1.00 |

g=16; rand    ; ni=0 |    55.46,   1570, 1.00 |     6.51,     31, 1.00 |     3.61,      4, 1.00 |
g=16; rand    ; ni=1 |    77.51,   2902, 1.00 |     5.08,     16, 1.00 |     3.58,      4, 1.00 |
g=16; rand    ; ni=2 |    63.50,   1567, 1.00 |     5.61,     18, 1.00 |     3.57,      4, 1.00 |
g=16; 2d      ; ni=0 |**********************|   179.36,    407, 1.00 |   179.36,    407, 1.00 |
g=16; 2d      ; ni=1 |**********************|   146.36,    410, 1.00 |   146.36,    410, 1.00 |
g=16; 2d      ; ni=2 |**********************|   159.77,    355, 1.00 |   159.77,    355, 1.00 |
g=16; rand+2d ; ni=0 |   147.56,  23243, 1.00 |     4.52,     19, 1.00 |     3.47,      4, 1.00 |
g=16; rand+2d ; ni=1 |   168.74,  25355, 1.00 |     4.89,     14, 1.00 |     3.58,      4, 1.00 |
g=16; rand+2d ; ni=2 |   229.40,  42763, 1.00 |     4.65,     20, 1.00 |     3.41,      4, 1.00 |

