      Network        |          chord         |    landmarks nei^2     |     landmarks nei^3     
---------------------+------------------------+------------------------+------------------------+
g= 6; rand    ; ni=0 |     2.95,      8, 1.00 |     1.88,      3, 1.00 |     1.88,      3, 1.00 |
g= 6; rand    ; ni=1 |     2.82,     11, 1.00 |     2.04,      3, 1.00 |     2.04,      3, 1.00 |
g= 6; rand    ; ni=2 |     2.69,      8, 1.00 |     1.99,      3, 1.00 |     1.99,      3, 1.00 |
g= 6; 2d      ; ni=0 |     9.19,     39, 1.00 |     5.51,     13, 1.00 |     5.51,     13, 1.00 |
g= 6; 2d      ; ni=1 |     9.09,     30, 1.00 |     5.17,     10, 1.00 |     5.17,     10, 1.00 |
g= 6; 2d      ; ni=2 |     8.93,     28, 1.00 |     5.34,     13, 1.00 |     5.34,     13, 1.00 |
g= 6; rand+2d ; ni=0 |     2.51,      7, 1.00 |     1.79,      3, 1.00 |     1.79,      3, 1.00 |
g= 6; rand+2d ; ni=1 |     2.53,      8, 1.00 |     1.85,      3, 1.00 |     1.85,      3, 1.00 |
g= 6; rand+2d ; ni=2 |     2.32,      6, 1.00 |     1.86,      3, 1.00 |     1.86,      3, 1.00 |

g= 7; rand    ; ni=0 |     3.52,     11, 1.00 |     2.08,      3, 1.00 |     2.08,      3, 1.00 |
g= 7; rand    ; ni=1 |     3.79,     10, 1.00 |     2.09,      3, 1.00 |     2.09,      3, 1.00 |
g= 7; rand    ; ni=2 |     3.76,     10, 1.00 |     2.23,      3, 1.00 |     2.23,      3, 1.00 |
g= 7; 2d      ; ni=0 |    15.57,     55, 1.00 |     6.91,     15, 1.00 |     6.91,     15, 1.00 |
g= 7; 2d      ; ni=1 |    15.46,     54, 1.00 |     6.70,     16, 1.00 |     6.70,     16, 1.00 |
g= 7; 2d      ; ni=2 |    15.49,     49, 1.00 |     7.62,     17, 1.00 |     7.62,     17, 1.00 |
g= 7; rand+2d ; ni=0 |     3.16,     10, 1.00 |     1.95,      3, 1.00 |     1.95,      3, 1.00 |
g= 7; rand+2d ; ni=1 |     3.02,      9, 1.00 |     1.94,      3, 1.00 |     1.94,      3, 1.00 |
g= 7; rand+2d ; ni=2 |     3.17,      8, 1.00 |     1.93,      3, 1.00 |     1.93,      3, 1.00 |

g= 8; rand    ; ni=0 |     4.70,     12, 1.00 |     2.27,      3, 1.00 |     2.27,      3, 1.00 |
g= 8; rand    ; ni=1 |     4.66,     12, 1.00 |     2.38,      3, 1.00 |     2.38,      3, 1.00 |
g= 8; rand    ; ni=2 |     4.78,     14, 1.00 |     2.28,      3, 1.00 |     2.28,      3, 1.00 |
g= 8; 2d      ; ni=0 |    32.81,    105, 1.00 |     9.75,     23, 1.00 |     9.75,     23, 1.00 |
g= 8; 2d      ; ni=1 |    32.13,     95, 1.00 |    11.60,     27, 1.00 |    11.60,     27, 1.00 |
g= 8; 2d      ; ni=2 |    30.22,     96, 1.00 |    10.11,     23, 1.00 |    10.11,     23, 1.00 |
g= 8; rand+2d ; ni=0 |     4.10,     12, 1.00 |     2.13,      3, 1.00 |     2.13,      3, 1.00 |
g= 8; rand+2d ; ni=1 |     4.29,     11, 1.00 |     2.19,      3, 1.00 |     2.19,      3, 1.00 |
g= 8; rand+2d ; ni=2 |     4.21,     11, 1.00 |     2.15,      3, 1.00 |     2.15,      3, 1.00 |

g= 9; rand    ; ni=0 |     6.07,     16, 1.00 |     2.92,     15, 1.00 |     2.43,      3, 1.00 |
g= 9; rand    ; ni=1 |     5.77,     15, 1.00 |     3.00,     20, 1.00 |     2.50,      3, 1.00 |
g= 9; rand    ; ni=2 |     6.00,     16, 1.00 |     3.21,     23, 1.00 |     2.45,      3, 1.00 |
g= 9; 2d      ; ni=0 |    61.83,    206, 1.00 |    14.72,     37, 1.00 |    14.72,     37, 1.00 |
g= 9; 2d      ; ni=1 |    53.72,    165, 1.00 |    15.30,     32, 1.00 |    15.30,     32, 1.00 |
g= 9; 2d      ; ni=2 |    60.82,    354, 1.00 |    13.41,     40, 1.00 |    13.41,     40, 1.00 |
g= 9; rand+2d ; ni=0 |     5.31,     13, 1.00 |     2.37,      3, 1.00 |     2.37,      3, 1.00 |
g= 9; rand+2d ; ni=1 |     5.34,     13, 1.00 |     2.29,      3, 1.00 |     2.29,      3, 1.00 |
g= 9; rand+2d ; ni=2 |     5.26,     15, 1.00 |     2.36,      3, 1.00 |     2.36,      3, 1.00 |

g=10; rand    ; ni=0 |     7.46,     20, 1.00 |     3.94,     14, 1.00 |     2.65,      3, 1.00 |
g=10; rand    ; ni=1 |     7.68,     20, 1.00 |     3.59,     24, 1.00 |     2.69,      3, 1.00 |
g=10; rand    ; ni=2 |     7.49,     19, 1.00 |     3.83,     22, 1.00 |     2.61,      3, 1.00 |
g=10; 2d      ; ni=0 |   130.53,    462, 1.00 |    20.86,     55, 1.00 |    20.86,     55, 1.00 |
g=10; 2d      ; ni=1 |   129.02,    811, 1.00 |    19.58,     49, 1.00 |    19.58,     49, 1.00 |
g=10; 2d      ; ni=2 |   156.51,   1003, 1.00 |    22.75,     52, 1.00 |    22.75,     52, 1.00 |
g=10; rand+2d ; ni=0 |     6.80,     19, 1.00 |     3.35,     12, 1.00 |     2.53,      3, 1.00 |
g=10; rand+2d ; ni=1 |     6.66,     15, 1.00 |     3.95,     21, 1.00 |     2.58,      3, 1.00 |
g=10; rand+2d ; ni=2 |     6.92,     18, 1.00 |     3.48,     17, 1.00 |     2.54,      3, 1.00 |

g=11; rand    ; ni=0 |     9.63,     22, 1.00 |     5.77,     32, 1.00 |     2.78,      3, 1.00 |
g=11; rand    ; ni=1 |     9.57,     24, 1.00 |     7.11,     42, 1.00 |     2.77,      3, 1.00 |
g=11; rand    ; ni=2 |     9.68,     25, 1.00 |     6.54,     44, 1.00 |     2.77,      4, 1.00 |
g=11; 2d      ; ni=0 |   294.56,   1116, 1.00 |    31.23,     71, 1.00 |    31.23,     71, 1.00 |
g=11; 2d      ; ni=1 |   358.45,   1237, 1.00 |    28.14,     64, 1.00 |    28.14,     64, 1.00 |
g=11; 2d      ; ni=2 |   355.77,   1242, 1.00 |    29.17,     75, 1.00 |    29.17,     75, 1.00 |
g=11; rand+2d ; ni=0 |     8.78,     21, 1.00 |     4.74,     21, 1.00 |     2.65,      3, 1.00 |
g=11; rand+2d ; ni=1 |     8.84,     19, 1.00 |     5.03,     33, 1.00 |     2.68,      3, 1.00 |
g=11; rand+2d ; ni=2 |     8.87,     20, 1.00 |     5.51,     33, 1.00 |     2.68,      3, 1.00 |

g=12; rand    ; ni=0 |    12.59,     28, 1.00 |     9.84,     80, 1.00 |     2.97,      4, 1.00 |
g=12; rand    ; ni=1 |    12.18,     29, 1.00 |    10.45,     68, 1.00 |     2.93,      4, 1.00 |
g=12; rand    ; ni=2 |    12.21,     28, 1.00 |     7.10,     40, 1.00 |     2.86,      4, 1.00 |
g=12; 2d      ; ni=0 |   817.58,   3433, 1.00 |    39.81,     91, 1.00 |    39.81,     91, 1.00 |
g=12; 2d      ; ni=1 |   866.15,   3367, 1.00 |    40.21,     95, 1.00 |    40.21,     95, 1.00 |
g=12; 2d      ; ni=2 |   844.80,   3937, 1.00 |    44.39,    115, 1.00 |    44.39,    115, 1.00 |
g=12; rand+2d ; ni=0 |    11.26,     25, 1.00 |     9.59,     36, 1.00 |     2.92,      4, 1.00 |
g=12; rand+2d ; ni=1 |    11.31,     28, 1.00 |     8.74,     41, 1.00 |     2.84,      4, 1.00 |
g=12; rand+2d ; ni=2 |    11.48,     26, 1.00 |     9.30,     83, 1.00 |     2.80,      3, 1.00 |

g=13; rand    ; ni=0 |    16.42,     43, 1.00 |    14.99,     74, 1.00 |     3.07,      4, 1.00 |
g=13; rand    ; ni=1 |    16.45,    209, 1.00 |    16.59,    197, 1.00 |     3.02,      4, 1.00 |
g=13; rand    ; ni=2 |    16.50,     95, 1.00 |    14.09,    104, 1.00 |     3.07,      4, 1.00 |
g=13; 2d      ; ni=0 |  3580.53,  34424, 1.00 |    63.29,    145, 1.00 |    63.29,    145, 1.00 |
g=13; 2d      ; ni=1 |************************|    60.27,    137, 1.00 |    60.27,    137, 1.00 |
g=13; 2d      ; ni=2 |************************|    54.35,    126, 1.00 |    54.35,    126, 1.00 |
g=13; rand+2d ; ni=0 |    14.63,     34, 1.00 |    12.63,     87, 1.00 |     2.95,      4, 1.00 |
g=13; rand+2d ; ni=1 |    14.74,     39, 1.00 |    12.80,     87, 1.00 |     2.94,      4, 1.00 |
g=13; rand+2d ; ni=2 |    14.70,     44, 1.00 |    12.54,     63, 1.00 |     2.95,      4, 1.00 |

g=14; rand    ; ni=0 |    22.39,    188, 1.00 |    15.09,    148, 1.00 |     3.15,      4, 1.00 |
g=14; rand    ; ni=1 |    23.46,    409, 1.00 |    14.51,    157, 1.00 |     3.16,      4, 1.00 |
g=14; rand    ; ni=2 |    23.70,   1003, 1.00 |    18.86,    134, 1.00 |     3.28,      4, 1.00 |
g=14; 2d      ; ni=0 |************************|    99.64,    173, 1.00 |    99.64,    173, 1.00 |
g=14; 2d      ; ni=1 |************************|    88.99,    213, 1.00 |    88.99,    213, 1.00 |
g=14; 2d      ; ni=2 |************************|    84.10,    175, 1.00 |    84.10,    175, 1.00 |
g=14; rand+2d ; ni=0 |    20.21,    265, 1.00 |    18.85,     86, 1.00 |     3.11,      4, 1.00 |
g=14; rand+2d ; ni=1 |    20.08,    148, 1.00 |    21.77,    121, 1.00 |     3.10,      4, 1.00 |
g=14; rand+2d ; ni=2 |    19.77,     45, 1.00 |    18.70,    142, 1.00 |     3.07,      4, 1.00 |

g=15; rand    ; ni=0 |    34.04,    671, 1.00 |    26.99,    213, 1.00 |     4.14,     13, 1.00 |
g=15; rand    ; ni=1 |    35.81,    843, 1.00 |    23.86,    237, 1.00 |     3.93,     20, 1.00 |
g=15; rand    ; ni=2 |    34.07,    647, 1.00 |    21.44,    175, 1.00 |     3.87,     14, 1.00 |
g=15; 2d      ; ni=0 |************************|   122.06,    263, 1.00 |   122.06,    263, 1.00 |
g=15; 2d      ; ni=1 |************************|   111.60,    278, 1.00 |   111.60,    278, 1.00 |
g=15; 2d      ; ni=2 |************************|   114.55,    292, 1.00 |   114.55,    292, 1.00 |
g=15; rand+2d ; ni=0 |    29.65,   1603, 1.00 |    30.93,    181, 1.00 |     3.29,      4, 1.00 |
g=15; rand+2d ; ni=1 |    38.35,   3643, 1.00 |    32.99,    199, 1.00 |     3.25,      4, 1.00 |
g=15; rand+2d ; ni=2 |    34.30,   2923, 1.00 |    31.79,    233, 1.00 |     3.26,      4, 1.00 |

g=16; rand    ; ni=0 |    59.38,    967, 1.00 |    59.33,    675, 1.00 |     5.59,     24, 1.00 |
g=16; rand    ; ni=1 |    57.15,    680, 1.00 |    41.41,    636, 1.00 |     5.15,     25, 1.00 |
g=16; rand    ; ni=2 |    67.89,   2654, 1.00 |    47.03,    461, 1.00 |     5.30,     16, 1.00 |
g=16; 2d      ; ni=0 |************************|   179.36,    407, 1.00 |   179.36,    407, 1.00 |
g=16; 2d      ; ni=1 |************************|   146.36,    410, 1.00 |   146.36,    410, 1.00 |
g=16; 2d      ; ni=2 |************************|   159.79,    357, 1.00 |   159.79,    357, 1.00 |
g=16; rand+2d ; ni=0 |   223.91,  48048, 1.00 |    51.99,    324, 1.00 |     4.62,     18, 1.00 |
g=16; rand+2d ; ni=1 |************************|    57.68,    758, 1.00 |     4.71,     22, 1.00 |
g=16; rand+2d ; ni=2 |************************|    39.13,    309, 1.00 |     4.78,     16, 1.00 |

